  0   0   0   0   0   0   0   0   0   0   0   0   0   0   0   0
  0   0   0   0   0   0   0   0   0   0   0   0   0   0   0   0
  0   0   0   0   0   0 255 255 255 255   1   0   0   0   0   0
  0   0   0   0 255 255 255 255 255 255 255 255   0   0   0   0
  0   0   0 255 255 255 255 255 255 255 255 255 255   0   0   0
  0   0   1 255 255   0   0   0   0   0   0 255 255   0   0   0
  0   0 255 255 255   0   0   0   0   0   0 255 255 255   0   0
  0   0 255 255 255   0   0   0   0   0   0 255 255 255   0   0
  0   0 255 255 255   0   0   0   0   0   0 255 255 255   0   0
  0   0 255 255 255   0   0   0   0   0   0 255 255 255   0   0
  0   0   0 255 255   0   0   0   0   0   0 255 255   0   0   0
  0   0   0 255 255 255 255 255 255 255 255 255 255   0   0   0
  0   0   0   0 255 255 255 255 255 255 255 255   0   0   0   0
  0   0   0   0   0   0 255 255 255 255   0   0   0   0   0   0
  0   0   0   0   0   0   0   0   0   0   0   0   0   0   0   0
  0   0   0   0   0   0   0   0   0   0   0   0   0   0   0   0
  0   0   0   0   0   0   0   0   0   0   0   0   0   0   0   0
  0   0   0   0   0   0   0   0   0   0   0   0   0   0   0   0
  0   0   0   0   0   0 255 255 255 255   1   0   0   0   0   0
  0   0   0   0 255 255 255 255 255 255 255 255   0   0   0   0
  0   0   0 255 255 255 255 255 255 255 255 255 255   0   0   0
  0   0   1 255 255   0   0   0   0   0   0 255 255   0   0   0
  0   0 255 255 255   0   0   0   0   0   0 255 255 255   0   0
  0   0 255 255 255   0   0   0   0   0   0 255 255 255   0   0
  0   0 255 255 255   0   0   0   0   0   0 255 255 255   0   0
  0   0 255 255 255   0   0   0   0   0   0 255 255 255   0   0
  0   0   0 255 255   0   0   0   0   0   0 255 255   0   0   0
  0   0   0 255 255 255 255 255 255 255 255 255 255   0   0   0
  0   0   0   0 255 255 255 255 255 255 255 255   0   0   0   0
  0   0   0   0   0   0 255 255 255 255   0   0   0   0   0   0
  0   0   0   0   0   0   0   0   0   0   0   0   0   0   0   0
  0   0   0   0   0   0   0   0   0   0   0   0   0   0   0   0
  0   0   0   0   0   0   0   0   0   0   0   0   0   0   0   0
  0   0   0   0   0   0   0   0   0   0   0   0   0   0   0   0
  0   0   0   0   0   0 255 255 255 255   1   0   0   0   0   0
  0   0   0   0 255 255 255 255 255 255 255 255   0   0   0   0
  0   0   0 255 255 255 255 255 255 255 255 255 255   0   0   0
  0   0   1 255 255   0   0   0   0   0   0 255 255   0   0   0
  0   0 255 255 255   0   0   0   0   0   0 255 255 255   0   0
  0   0 255 255 255   0   0   0   0   0   0 255 255 255   0   0
  0   0 255 255 255   0   0   0   0   0   0 255 255 255   0   0
  0   0 255 255 255   0   0   0   0   0   0 255 255 255   0   0
  0   0   0 255 255   0   0   0   0   0   0 255 255   0   0   0
  0   0   0 255 255 255 255 255 255 255 255 255 255   0   0   0
  0   0   0   0 255 255 255 255 255 255 255 255   0   0   0   0
  0   0   0   0   0   0 255 255 255 255   0   0   0   0   0   0
  0   0   0   0   0   0   0   0   0   0   0   0   0   0   0   0
  0   0   0   0   0   0   0   0   0   0   0   0   0   0   0   0

  0   0   0   0   0   0   0   0   0   0   0   0   0   0   0   0
  0   0   0   0   0   0   0   0   0   0   0   0   0   0   0   0
  0   0   0   0   0   0 255 255 255 255   0   0   0   0   0   0
  0   0   0   0 255 255 255 255 255 255 255 255   0   0   0   0
  0   0   0 255 255 255 255 255 255 255 255 255 255   0   0   0
  0   0   1 255 255   0   0   0   0   0   0 255 255   0   0   0
  0   0 255 255 255   0   0   0   0   0   0 255 255 255   0   0
  0   0 255 255 255   0   0   0   0   0   0 255 255 255   0   0
  0   0 255 255 255   0   0   0   0   0   0 255 255 255   0   0
  0   0 255 255 255   0   0   0   0   0   0 255 255 255   0   0
  0   0   0 255 255   0   0   0   0   0   0 255 255   0   0   0
  0   0   0 255 255 255 255 255 255 255 255 255 255   0   0   0
  0   0   0   0 255 255 255 255 255 255 255 255   0   0   0   0
  0   0   0   0   0   1 255 255 255 255   0   0   0   0   0   0
  0   0   0   0   0   0   0   0   0   0   0   0   0   0   0   0
  0   0   0   0   0   0   0   0   0   0   0   0   0   0   0   0
  0   0   0   0   0   0   0   0   0   0   0   0   0   0   0   0
  0   0   0   0   0   0   0   0   0   0   0   0   0   0   0   0
  0   0   0   0   0   0 255 255 255 255   0   0   0   0   0   0
  0   0   0   0 255 255 255 255 255 255 255 255   0   0   0   0
  0   0   0 255 255 255 255 255 255 255 255 255 255   0   0   0
  0   0   1 255 255   0   0   0   0   0   0 255 255   0   0   0
  0   0 255 255 255   0   0   0   0   0   0 255 255 255   0   0
  0   0 255 255 255   0   0   0   0   0   0 255 255 255   0   0
  0   0 255 255 255   0   0   0   0   0   0 255 255 255   0   0
  0   0 255 255 255   0   0   0   0   0   0 255 255 255   0   0
  0   0   0 255 255   0   0   0   0   0   0 255 255   0   0   0
  0   0   0 255 255 255 255 255 255 255 255 255 255   0   0   0
  0   0   0   0 255 255 255 255 255 255 255 255   0   0   0   0
  0   0   0   0   0   1 255 255 255 255   0   0   0   0   0   0
  0   0   0   0   0   0   0   0   0   0   0   0   0   0   0   0
  0   0   0   0   0   0   0   0   0   0   0   0   0   0   0   0
  0   0   0   0   0   0   0   0   0   0   0   0   0   0   0   0
  0   0   0   0   0   0   0   0   0   0   0   0   0   0   0   0
  0   0   0   0   0   0 255 255 255 255   0   0   0   0   0   0
  0   0   0   0 255 255 255 255 255 255 255 255   0   0   0   0
  0   0   0 255 255 255 255 255 255 255 255 255 255   0   0   0
  0   0   1 255 255   0   0   0   0   0   0 255 255   0   0   0
  0   0 255 255 255   0   0   0   0   0   0 255 255 255   0   0
  0   0 255 255 255   0   0   0   0   0   0 255 255 255   0   0
  0   0 255 255 255   0   0   0   0   0   0 255 255 255   0   0
  0   0 255 255 255   0   0   0   0   0   0 255 255 255   0   0
  0   0   0 255 255   0   0   0   0   0   0 255 255   0   0   0
  0   0   0 255 255 255 255 255 255 255 255 255 255   0   0   0
  0   0   0   0 255 255 255 255 255 255 255 255   0   0   0   0
  0   0   0   0   0   1 255 255 255 255   0   0   0   0   0   0
  0   0   0   0   0   0   0   0   0   0   0   0   0   0   0   0
  0   0   0   0   0   0   0   0   0   0   0   0   0   0   0   0

  0   0   0   0   0   0   0   0   0   0   0   0   0   0   0   0
  0   0   0   0   0   0   0   0   0   0   0   0   0   0   0   0
  0   0   0   0  19 118 180 231 229 176 113  16   0   0   0   0
  0   0   0   2 217 255 255 255 255 255 255 208   0   0   0   0
  0   0  19 217 255 255 255 255 255 255 255 254 204  14   0   0
  0   0 118 255 255  35  18  18  18  18  46 255 254 100   0   0
  0   0 180 255 255  18   0   0   0   0  30 255 255 166   0   0
  0   0 231 255 255  18   0   0   0   0  30 255 255 226   0   0
  0   0 229 255 255  18   0   0   0   0  30 255 255 225   0   0
  0   0 176 255 255  18   0   0   0   0  30 255 255 161   0   0
  0   0 113 255 255  46  30  30  30  30  57 255 254  97   0   0
  0   0  16 208 254 255 255 255 255 255 255 254 194  11   0   0
  0   0   0   0 204 254 255 255 255 255 254 194   0   0   0   0
  0   0   0   0  14 100 166 226 225 161  97  11   0   0   0   0
  0   0   0   0   0   0   0   0   0   0   0   0   0   0   0   0
  0   0   0   0   0   0   0   0   0   0   0   0   0   0   0   0
  0   0   0   0   0   0   0   0   0   0   0   0   0   0   0   0
  0   0   0   0   0   0   0   0   0   0   0   0   0   0   0   0
  0   0   0   0  19 118 180 231 229 176 113  16   0   0   0   0
  0   0   0   2 217 255 255 255 255 255 255 208   0   0   0   0
  0   0  19 217 255 255 255 255 255 255 255 254 204  14   0   0
  0   0 118 255 255  35  18  18  18  18  46 255 254 100   0   0
  0   0 180 255 255  18   0   0   0   0  30 255 255 166   0   0
  0   0 231 255 255  18   0   0   0   0  30 255 255 226   0   0
  0   0 229 255 255  18   0   0   0   0  30 255 255 225   0   0
  0   0 176 255 255  18   0   0   0   0  30 255 255 161   0   0
  0   0 113 255 255  46  30  30  30  30  57 255 254  97   0   0
  0   0  16 208 254 255 255 255 255 255 255 254 194  11   0   0
  0   0   0   0 204 254 255 255 255 255 254 194   0   0   0   0
  0   0   0   0  14 100 166 226 225 161  97  11   0   0   0   0
  0   0   0   0   0   0   0   0   0   0   0   0   0   0   0   0
  0   0   0   0   0   0   0   0   0   0   0   0   0   0   0   0
  0   0   0   0   0   0   0   0   0   0   0   0   0   0   0   0
  0   0   0   0   0   0   0   0   0   0   0   0   0   0   0   0
  0   0   0   0  19 118 180 231 229 176 113  16   0   0   0   0
  0   0   0   2 217 255 255 255 255 255 255 208   0   0   0   0
  0   0  19 217 255 255 255 255 255 255 255 254 204  14   0   0
  0   0 118 255 255  35  18  18  18  18  46 255 254 100   0   0
  0   0 180 255 255  18   0   0   0   0  30 255 255 166   0   0
  0   0 231 255 255  18   0   0   0   0  30 255 255 226   0   0
  0   0 229 255 255  18   0   0   0   0  30 255 255 225   0   0
  0   0 176 255 255  18   0   0   0   0  30 255 255 161   0   0
  0   0 113 255 255  46  30  30  30  30  57 255 254  97   0   0
  0   0  16 208 254 255 255 255 255 255 255 254 194  11   0   0
  0   0   0   0 204 254 255 255 255 255 254 194   0   0   0   0
  0   0   0   0  14 100 166 226 225 161  97  11   0   0   0   0
  0   0   0   0   0   0   0   0   0   0   0   0   0   0   0   0
  0   0   0   0   0   0   0   0   0   0   0   0   0   0   0   0

  0   0   0   0   0   0   0   0   0   0   0   0   0   0   0   0
  0   0   0   0   0   0   0   0   0   0   0   0   0   0   0   0
  0   0   0   0  14 100 166 226 225 161  97  11   0   0   0   0
  0   0   0   0 204 254 255 255 255 255 254 194   0   0   0   0
  0   0  16 208 254 255 255 255 255 255 255 254 194  11   0   0
  0   0 113 255 255  46  30  30  30  30  57 255 254  97   0   0
  0   0 176 255 255  18   0   0   0   0  30 255 255 161   0   0
  0   0 229 255 255  18   0   0   0   0  30 255 255 225   0   0
  0   0 231 255 255  18   0   0   0   0  30 255 255 226   0   0
  0   0 180 255 255  18   0   0   0   0  30 255 255 166   0   0
  0   0 118 255 255  35  18  18  18  18  46 255 254 100   0   0
  0   0  19 217 255 255 255 255 255 255 255 254 204  14   0   0
  0   0   0   2 217 255 255 255 255 255 255 208   0   0   0   0
  0   0   0   0  19 118 180 231 229 176 113  16   0   0   0   0
  0   0   0   0   0   0   0   0   0   0   0   0   0   0   0   0
  0   0   0   0   0   0   0   0   0   0   0   0   0   0   0   0
  0   0   0   0   0   0   0   0   0   0   0   0   0   0   0   0
  0   0   0   0   0   0   0   0   0   0   0   0   0   0   0   0
  0   0   0   0  14 100 166 226 225 161  97  11   0   0   0   0
  0   0   0   0 204 254 255 255 255 255 254 194   0   0   0   0
  0   0  16 208 254 255 255 255 255 255 255 254 194  11   0   0
  0   0 113 255 255  46  30  30  30  30  57 255 254  97   0   0
  0   0 176 255 255  18   0   0   0   0  30 255 255 161   0   0
  0   0 229 255 255  18   0   0   0   0  30 255 255 225   0   0
  0   0 231 255 255  18   0   0   0   0  30 255 255 226   0   0
  0   0 180 255 255  18   0   0   0   0  30 255 255 166   0   0
  0   0 118 255 255  35  18  18  18  18  46 255 254 100   0   0
  0   0  19 217 255 255 255 255 255 255 255 254 204  14   0   0
  0   0   0   2 217 255 255 255 255 255 255 208   0   0   0   0
  0   0   0   0  19 118 180 231 229 176 113  16   0   0   0   0
  0   0   0   0   0   0   0   0   0   0   0   0   0   0   0   0
  0   0   0   0   0   0   0   0   0   0   0   0   0   0   0   0
  0   0   0   0   0   0   0   0   0   0   0   0   0   0   0   0
  0   0   0   0   0   0   0   0   0   0   0   0   0   0   0   0
  0   0   0   0  14 100 166 226 225 161  97  11   0   0   0   0
  0   0   0   0 204 254 255 255 255 255 254 194   0   0   0   0
  0   0  16 208 254 255 255 255 255 255 255 254 194  11   0   0
  0   0 113 255 255  46  30  30  30  30  57 255 254  97   0   0
  0   0 176 255 255  18   0   0   0   0  30 255 255 161   0   0
  0   0 229 255 255  18   0   0   0   0  30 255 255 225   0   0
  0   0 231 255 255  18   0   0   0   0  30 255 255 226   0   0
  0   0 180 255 255  18   0   0   0   0  30 255 255 166   0   0
  0   0 118 255 255  35  18  18  18  18  46 255 254 100   0   0
  0   0  19 217 255 255 255 255 255 255 255 254 204  14   0   0
  0   0   0   2 217 255 255 255 255 255 255 208   0   0   0   0
  0   0   0   0  19 118 180 231 229 176 113  16   0   0   0   0
  0   0   0   0   0   0   0   0   0   0   0   0   0   0   0   0
  0   0   0   0   0   0   0   0   0   0   0   0   0   0   0   0
